#Molecule template for mmm-TCP					
					
47 atoms					
49 bonds					
0 angles					
0 dihedrals					
0 impropers					
					
Coords					
					
1	2.39789	-4.0478	1.08915		
2	-2.24814	-3.9491	1.42126		
3	2.15686	3.8724	1.75144		
4	4.31408	0.0721	1.49751		
5	-3.36536	0.4974	1.57666		
6	-2.19947	2.6879	0.9601		
7	6.97898	-3.5534	0.87984		
8	-6.659824	-2.6375	1.21579		
9	-0.97325	7.1089	0.67749		
10	6.63248	-0.9333	0.57134		
11	-5.844172	-0.1243	0.80393		
12	-2.84887	5.2442	0.80355		
13	5.97918	-6.0714	0.70425		
14	4.95338	-5.9925	2.34039		
15	4.04277	-6.3096	0.64866		
16	-4.1124	-5.6636	0.225		
17	-4.79099	-5.7613	2.01087		
18	-6.007718	-5.2708	0.60047		
19	2.80458	6.7175	0.43472		
20	1.39112	7.9578	0.93488		
21	2.42284	7.0241	2.28659		
22	3.06827	-1.843	1.16965		
23	-2.55215	-1.6573	1.50397		
24	0.0505	3.0231	1.45801		
25	4.69678	-4.036	1.01677		
26	-4.49896	-3.5148	1.13942		
27	0.78073	5.6485	1.16199		
28	3.29323	-3.3804	1.08057		
29	-3.01565	-3.1242	1.3282		
30	1.10072	4.1642	1.46894		
31	4.36448	-0.9936	1.15747		
32	-3.65563	-0.5722	1.38361		
33	-1.3961	3.4599	1.1164		
34	5.93418	-3.1259	0.89452		
35	-5.568154	-2.4148	1.10239		
36	-0.6739	6.0432	0.86411		
37	5.75578	-1.5919	0.8226		
38	-5.125585	-0.9335	1.06426		
39	-1.781	4.9538	0.90922		
40	4.93198	-5.6897	1.16882		
41	-4.87904	-5.1271	0.97745		
42	1.8958	6.9005	1.20054		
43	1.74367	-1.1428	1.391		
44	-1.14074	-1.1413	1.74604		
45	0.36646	1.5505	1.7231		
46	0	0	0		
47	0.30542	-0.1936	1.51278		
					
					
Types					
					
1	7				
2	7				
3	7				
4	7				
5	7				
6	7				
7	7				
8	7				
9	7				
10	7				
11	7				
12	7				
13	7				
14	7				
15	7				
16	7				
17	7				
18	7				
19	7				
20	7				
21	7				
22	3				
23	3				
24	3				
25	3				
26	3				
27	3				
28	3				
29	3				
30	3				
31	3				
32	3				
33	3				
34	3				
35	3				
36	3				
37	3				
38	3				
39	3				
40	2				
41	2				
42	2				
43	4				
44	4				
45	4				
46	6				
47	5				
					
Bonds					
					
1	5	28	1		
2	5	29	2		
3	5	30	3		
4	5	31	4		
5	5	32	5		
6	5	33	6		
7	5	34	7		
8	5	35	8		
9	5	36	9		
10	5	37	10		
11	5	38	11		
12	5	39	12		
13	3	40	13		
14	3	40	14		
15	3	40	15		
16	3	41	16		
17	3	41	17		
18	3	41	18		
19	3	42	19		
20	3	42	20		
21	3	42	21		
22	4	22	31		
23	6	43	22		
24	4	22	28		
25	4	23	29		
26	6	44	23		
27	4	23	32		
28	4	24	30		
29	4	24	33		
30	6	45	24		
31	2	25	40		
32	4	25	28		
33	4	25	34		
34	4	26	29		
35	2	26	41		
36	4	26	35		
37	2	27	42		
38	4	27	30		
39	4	27	36		
40	4	31	37		
41	4	32	38		
42	4	33	39		
43	4	34	37		
44	4	35	38		
45	4	36	39		
46	7	47	43		
47	7	47	44		
48	7	47	45		
49	8	47	46