# LAMMPS molecule file for toluene 
# Created using atb2lammps 
# Modified from https://github.com/simongravelle/atb2lammps

15 atoms
18 bonds
0 angles
0 dihedrals
0 impropers

Coords

1 2.9569387 -0.0001001703 0.020059804 
2 1.869848 -4.0543e-05 0.0142810205 
3 1.1649256 -1.206531 0.0028868527 
4 1.7015644 -2.152314 -3.73554e-05 
5 -0.23228681 -1.2031252 -0.014203071 
6 -0.7719083 -2.1484842 -0.023192773 
7 -0.9533905 -1.90113e-05 -0.01883903 
8 -2.4653547 0.0001158056 0.004785914 
9 -2.8467135 -0.0013410633 1.0350679 
10 -2.8740103 0.88819194 -0.4894407 
11 -2.8741179 -0.8865633 -0.49189997 
12 -0.23229048 1.2031232 -0.01625308 
13 -0.77177024 2.1484606 -0.026245127 
14 1.1649321 1.2064005 0.0029745752 
15 1.7016177 2.1521926 0.0010355691 

Types

1 7 
2 3 
3 3 
4 7 
5 3 
6 7 
7 3 
8 2 
9 7 
10 7 
11 7 
12 3 
13 7 
14 3 
15 7

Charges

1 0.134 
2 -0.184 
3 -0.087 
4 0.123 
5 -0.271 
6 0.147 
7 0.296 
8 -0.439 
9 0.123 
10 0.123 
11 0.123 
12 -0.271 
13 0.147 
14 -0.087 
15 0.123 

Bonds

1 5 1 2
2 4 2 3 
3 4 2 14 
4 5 3 4 
5 4 3 5 
6 5 5 6 
7 4 5 7 
8 3 7 8 
9 4 7 12 
10 5 8 9 
11 5 8 10 
12 5 8 11 
13 5 12 13 
14 4 12 14 
15 5 14 15 
16 4 5 14 
17 4 3 12 
18 4 2 7 
6 2 12 7 13 14 
